Number of nodes 746 
     0 :  0.0000000e+00  0.0000000e+00 
     1 :  0.0000000e+00  5.0000000e-02 
     2 :  1.5000000e-01  7.0000000e-01 
     3 :  1.2111487e-01  6.2240243e-01 
     4 :  1.1948851e-01  6.1767432e-01 
     5 :  2.5000000e-02  5.0000000e-02 
     6 :  2.5000000e-02  0.0000000e+00 
     7 :  5.0000000e-03  0.0000000e+00 
     8 :  1.0000000e-02  0.0000000e+00 
     9 :  1.5000000e-02  0.0000000e+00 
    10 :  2.0000000e-02  0.0000000e+00 
    11 :  2.5000000e-02  5.0000000e-03 
    12 :  2.5000000e-02  1.0000000e-02 
    13 :  2.5000000e-02  1.5000000e-02 
    14 :  2.5000000e-02  2.0000000e-02 
    15 :  2.5000000e-02  2.5000000e-02 
    16 :  2.5000000e-02  3.0000000e-02 
    17 :  2.5000000e-02  3.5000000e-02 
    18 :  2.5000000e-02  4.0000000e-02 
    19 :  2.5000000e-02  4.5000000e-02 
    20 :  2.5007086e-02  5.4983630e-02 
    21 :  2.5028344e-02  5.9967220e-02 
    22 :  2.5063774e-02  6.4950729e-02 
    23 :  2.5113376e-02  6.9934118e-02 
    24 :  2.5177148e-02  7.4917345e-02 
    25 :  2.5255092e-02  7.9900371e-02 
    26 :  2.5347205e-02  8.4883155e-02 
    27 :  2.5453488e-02  8.9865656e-02 
    28 :  2.5573939e-02  9.4847836e-02 
    29 :  2.5708558e-02  9.9829653e-02 
    30 :  2.5857343e-02  1.0481107e-01 
    31 :  2.6020293e-02  1.0979204e-01 
    32 :  2.6197408e-02  1.1477252e-01 
    33 :  2.6388684e-02  1.1975249e-01 
    34 :  2.6594122e-02  1.2473189e-01 
    35 :  2.6813718e-02  1.2971068e-01 
    36 :  2.7047472e-02  1.3468883e-01 
    37 :  2.7295382e-02  1.3966630e-01 
    38 :  2.7557445e-02  1.4464304e-01 
    39 :  2.7833660e-02  1.4961901e-01 
    40 :  2.8124023e-02  1.5459418e-01 
    41 :  2.8428534e-02  1.5956850e-01 
    42 :  2.8747189e-02  1.6454194e-01 
    43 :  2.9079986e-02  1.6951445e-01 
    44 :  2.9426922e-02  1.7448600e-01 
    45 :  2.9787994e-02  1.7945654e-01 
    46 :  3.0163200e-02  1.8442603e-01 
    47 :  3.0552536e-02  1.8939443e-01 
    48 :  3.0955999e-02  1.9436171e-01 
    49 :  3.1373586e-02  1.9932782e-01 
    50 :  3.1805294e-02  2.0429272e-01 
    51 :  3.2251119e-02  2.0925637e-01 
    52 :  3.2711057e-02  2.1421874e-01 
    53 :  3.3185105e-02  2.1917978e-01 
    54 :  3.3673259e-02  2.2413945e-01 
    55 :  3.4175515e-02  2.2909771e-01 
    56 :  3.4691868e-02  2.3405452e-01 
    57 :  3.5222316e-02  2.3900985e-01 
    58 :  3.5766853e-02  2.4396364e-01 
    59 :  3.6325475e-02  2.4891587e-01 
    60 :  3.6898178e-02  2.5386649e-01 
    61 :  3.7484956e-02  2.5881546e-01 
    62 :  3.8085806e-02  2.6376274e-01 
    63 :  3.8700721e-02  2.6870830e-01 
    64 :  3.9329699e-02  2.7365208e-01 
    65 :  3.9972732e-02  2.7859406e-01 
    66 :  4.0629816e-02  2.8353418e-01 
    67 :  4.1300947e-02  2.8847242e-01 
    68 :  4.1986117e-02  2.9340873e-01 
    69 :  4.2685322e-02  2.9834308e-01 
    70 :  4.3398556e-02  3.0327541e-01 
    71 :  4.4125814e-02  3.0820570e-01 
    72 :  4.4867089e-02  3.1313389e-01 
    73 :  4.5622375e-02  3.1805996e-01 
    74 :  4.6391667e-02  3.2298386e-01 
    75 :  4.7174958e-02  3.2790556e-01 
    76 :  4.7972242e-02  3.3282501e-01 
    77 :  4.8783512e-02  3.3774217e-01 
    78 :  4.9608762e-02  3.4265700e-01 
    79 :  5.0447985e-02  3.4756947e-01 
    80 :  5.1301174e-02  3.5247953e-01 
    81 :  5.2168323e-02  3.5738714e-01 
    82 :  5.3049424e-02  3.6229227e-01 
    83 :  5.3944470e-02  3.6719487e-01 
    84 :  5.4853454e-02  3.7209491e-01 
    85 :  5.5776370e-02  3.7699234e-01 
    86 :  5.6713208e-02  3.8188713e-01 
    87 :  5.7663962e-02  3.8677923e-01 
    88 :  5.8628624e-02  3.9166861e-01 
    89 :  5.9607186e-02  3.9655523e-01 
    90 :  6.0599640e-02  4.0143905e-01 
    91 :  6.1605979e-02  4.0632002e-01 
    92 :  6.2626193e-02  4.1119811e-01 
    93 :  6.3660276e-02  4.1607328e-01 
    94 :  6.4708218e-02  4.2094550e-01 
    95 :  6.5770011e-02  4.2581471e-01 
    96 :  6.6845646e-02  4.3068088e-01 
    97 :  6.7935115e-02  4.3554397e-01 
    98 :  6.9038409e-02  4.4040395e-01 
    99 :  7.0155519e-02  4.4526077e-01 
   100 :  7.1286436e-02  4.5011439e-01 
   101 :  7.2431150e-02  4.5496477e-01 
   102 :  7.3589654e-02  4.5981189e-01 
   103 :  7.4761936e-02  4.6465568e-01 
   104 :  7.5947988e-02  4.6949613e-01 
   105 :  7.7147800e-02  4.7433318e-01 
   106 :  7.8361363e-02  4.7916680e-01 
   107 :  7.9588666e-02  4.8399695e-01 
   108 :  8.0829700e-02  4.8882359e-01 
   109 :  8.2084454e-02  4.9364668e-01 
   110 :  8.3352919e-02  4.9846618e-01 
   111 :  8.4635084e-02  5.0328206e-01 
   112 :  8.5930940e-02  5.0809427e-01 
   113 :  8.7240474e-02  5.1290278e-01 
   114 :  8.8563677e-02  5.1770754e-01 
   115 :  8.9900538e-02  5.2250853e-01 
   116 :  9.1251047e-02  5.2730569e-01 
   117 :  9.2615192e-02  5.3209899e-01 
   118 :  9.3992962e-02  5.3688839e-01 
   119 :  9.5384346e-02  5.4167385e-01 
   120 :  9.6789334e-02  5.4645534e-01 
   121 :  9.8207912e-02  5.5123281e-01 
   122 :  9.9640071e-02  5.5600623e-01 
   123 :  1.0108580e-01  5.6077556e-01 
   124 :  1.0254508e-01  5.6554076e-01 
   125 :  1.0401791e-01  5.7030179e-01 
   126 :  1.0550427e-01  5.7505861e-01 
   127 :  1.0700416e-01  5.7981119e-01 
   128 :  1.0851755e-01  5.8455948e-01 
   129 :  1.1004444e-01  5.8930344e-01 
   130 :  1.1158481e-01  5.9404305e-01 
   131 :  1.1313866e-01  5.9877826e-01 
   132 :  1.1470596e-01  6.0350903e-01 
   133 :  1.1628672e-01  6.0823532e-01 
   134 :  1.1788090e-01  6.1295710e-01 
   135 :  1.2271223e-01  6.2700406e-01 
   136 :  1.2432238e-01  6.3160125e-01 
   137 :  1.2594530e-01  6.3619394e-01 
   138 :  1.2758098e-01  6.4078210e-01 
   139 :  1.2922941e-01  6.4536569e-01 
   140 :  1.3089057e-01  6.4994469e-01 
   141 :  1.3256445e-01  6.5451905e-01 
   142 :  1.3425104e-01  6.5908874e-01 
   143 :  1.3595032e-01  6.6365373e-01 
   144 :  1.3766229e-01  6.6821397e-01 
   145 :  1.3938692e-01  6.7276944e-01 
   146 :  1.4112421e-01  6.7732010e-01 
   147 :  1.4287414e-01  6.8186592e-01 
   148 :  1.4463669e-01  6.8640685e-01 
   149 :  1.4641187e-01  6.9094286e-01 
   150 :  1.4819964e-01  6.9547392e-01 
   151 :  1.4782354e-01  6.9551636e-01 
   152 :  1.4566216e-01  6.9102544e-01 
   153 :  1.4351588e-01  6.8652727e-01 
   154 :  1.4138473e-01  6.8202193e-01 
   155 :  1.3926872e-01  6.7750944e-01 
   156 :  1.3716789e-01  6.7298987e-01 
   157 :  1.3508226e-01  6.6846327e-01 
   158 :  1.3301185e-01  6.6392969e-01 
   159 :  1.3095668e-01  6.5938918e-01 
   160 :  1.2891678e-01  6.5484178e-01 
   161 :  1.2689217e-01  6.5028756e-01 
   162 :  1.2488288e-01  6.4572656e-01 
   163 :  1.2288892e-01  6.4115884e-01 
   164 :  1.2091032e-01  6.3658444e-01 
   165 :  1.1894710e-01  6.3200342e-01 
   166 :  1.1699928e-01  6.2741583e-01 
   167 :  1.1506689e-01  6.2282172e-01 
   168 :  1.1314995e-01  6.1822114e-01 
   169 :  1.1124847e-01  6.1361415e-01 
   170 :  1.0936249e-01  6.0900079e-01 
   171 :  1.0749201e-01  6.0438113e-01 
   172 :  1.0563707e-01  5.9975521e-01 
   173 :  1.0379768e-01  5.9512307e-01 
   174 :  1.0197387e-01  5.9048479e-01 
   175 :  1.0016565e-01  5.8584040e-01 
   176 :  9.8373047e-02  5.8118997e-01 
   177 :  9.6596079e-02  5.7653354e-01 
   178 :  9.4834766e-02  5.7187116e-01 
   179 :  9.3089129e-02  5.6720289e-01 
   180 :  9.1359187e-02  5.6252878e-01 
   181 :  8.9644959e-02  5.5784889e-01 
   182 :  8.7946466e-02  5.5316326e-01 
   183 :  8.6263726e-02  5.4847195e-01 
   184 :  8.4596758e-02  5.4377502e-01 
   185 :  8.2945581e-02  5.3907251e-01 
   186 :  8.1310213e-02  5.3436448e-01 
   187 :  7.9690674e-02  5.2965098e-01 
   188 :  7.8086981e-02  5.2493207e-01 
   189 :  7.6499153e-02  5.2020779e-01 
   190 :  7.4927207e-02  5.1547821e-01 
   191 :  7.3371161e-02  5.1074337e-01 
   192 :  7.1831033e-02  5.0600333e-01 
   193 :  7.0306840e-02  5.0125814e-01 
   194 :  6.8798599e-02  4.9650785e-01 
   195 :  6.7306328e-02  4.9175253e-01 
   196 :  6.5830043e-02  4.8699222e-01 
   197 :  6.4369761e-02  4.8222697e-01 
   198 :  6.2925498e-02  4.7745685e-01 
   199 :  6.1497271e-02  4.7268190e-01 
   200 :  6.0085095e-02  4.6790218e-01 
   201 :  5.8688988e-02  4.6311774e-01 
   202 :  5.7308963e-02  4.5832864e-01 
   203 :  5.5945038e-02  4.5353492e-01 
   204 :  5.4597228e-02  4.4873665e-01 
   205 :  5.3265547e-02  4.4393388e-01 
   206 :  5.1950010e-02  4.3912666e-01 
   207 :  5.0650634e-02  4.3431505e-01 
   208 :  4.9367431e-02  4.2949910e-01 
   209 :  4.8100417e-02  4.2467887e-01 
   210 :  4.6849607e-02  4.1985441e-01 
   211 :  4.5615013e-02  4.1502577e-01 
   212 :  4.4396651e-02  4.1019301e-01 
   213 :  4.3194533e-02  4.0535618e-01 
   214 :  4.2008674e-02  4.0051534e-01 
   215 :  4.0839086e-02  3.9567054e-01 
   216 :  3.9685784e-02  3.9082185e-01 
   217 :  3.8548779e-02  3.8596930e-01 
   218 :  3.7428086e-02  3.8111296e-01 
   219 :  3.6323716e-02  3.7625288e-01 
   220 :  3.5235682e-02  3.7138912e-01 
   221 :  3.4163996e-02  3.6652174e-01 
   222 :  3.3108671e-02  3.6165077e-01 
   223 :  3.2069717e-02  3.5677629e-01 
   224 :  3.1047148e-02  3.5189835e-01 
   225 :  3.0040975e-02  3.4701700e-01 
   226 :  2.9051208e-02  3.4213229e-01 
   227 :  2.8077859e-02  3.3724429e-01 
   228 :  2.7120940e-02  3.3235305e-01 
   229 :  2.6180460e-02  3.2745861e-01 
   230 :  2.5256431e-02  3.2256105e-01 
   231 :  2.4348862e-02  3.1766040e-01 
   232 :  2.3457765e-02  3.1275674e-01 
   233 :  2.2583149e-02  3.0785011e-01 
   234 :  2.1725025e-02  3.0294057e-01 
   235 :  2.0883401e-02  2.9802817e-01 
   236 :  2.0058287e-02  2.9311297e-01 
   237 :  1.9249693e-02  2.8819503e-01 
   238 :  1.8457628e-02  2.8327440e-01 
   239 :  1.7682100e-02  2.7835113e-01 
   240 :  1.6923119e-02  2.7342529e-01 
   241 :  1.6180692e-02  2.6849692e-01 
   242 :  1.5454830e-02  2.6356609e-01 
   243 :  1.4745538e-02  2.5863285e-01 
   244 :  1.4052827e-02  2.5369725e-01 
   245 :  1.3376702e-02  2.4875935e-01 
   246 :  1.2717173e-02  2.4381921e-01 
   247 :  1.2074246e-02  2.3887688e-01 
   248 :  1.1447929e-02  2.3393242e-01 
   249 :  1.0838229e-02  2.2898588e-01 
   250 :  1.0245152e-02  2.2403732e-01 
   251 :  9.6687063e-03  2.1908680e-01 
   252 :  9.1088971e-03  2.1413436e-01 
   253 :  8.5657310e-03  2.0918008e-01 
   254 :  8.0392144e-03  2.0422399e-01 
   255 :  7.5293530e-03  1.9926617e-01 
   256 :  7.0361527e-03  1.9430666e-01 
   257 :  6.5596190e-03  1.8934552e-01 
   258 :  6.0997573e-03  1.8438281e-01 
   259 :  5.6565728e-03  1.7941858e-01 
   260 :  5.2300705e-03  1.7445289e-01 
   261 :  4.8202552e-03  1.6948580e-01 
   262 :  4.4271315e-03  1.6451735e-01 
   263 :  4.0507040e-03  1.5954762e-01 
   264 :  3.6909767e-03  1.5457664e-01 
   265 :  3.3479538e-03  1.4960449e-01 
   266 :  3.0216392e-03  1.4463121e-01 
   267 :  2.7120365e-03  1.3965686e-01 
   268 :  2.4191493e-03  1.3468150e-01 
   269 :  2.1429808e-03  1.2970519e-01 
   270 :  1.8835341e-03  1.2472797e-01 
   271 :  1.6408123e-03  1.1974992e-01 
   272 :  1.4148179e-03  1.1477107e-01 
   273 :  1.2055537e-03  1.0979149e-01 
   274 :  1.0130219e-03  1.0481124e-01 
   275 :  8.3722472e-04  9.9830370e-02 
   276 :  6.7816415e-04  9.4848936e-02 
   277 :  5.3584197e-04  8.9866996e-02 
   278 :  4.1025980e-04  8.4884606e-02 
   279 :  3.0141905e-04  7.9901823e-02 
   280 :  2.0932095e-04  7.4918701e-02 
   281 :  1.3396654e-04  6.9935299e-02 
   282 :  7.5356676e-05  6.4951671e-02 
   283 :  3.3492014e-05  5.9967874e-02 
   284 :  8.3730271e-06  5.4983965e-02 
   285 :  0.0000000e+00  4.5000000e-02 
   286 :  0.0000000e+00  4.0000000e-02 
   287 :  0.0000000e+00  3.5000000e-02 
   288 :  0.0000000e+00  3.0000000e-02 
   289 :  0.0000000e+00  2.5000000e-02 
   290 :  0.0000000e+00  2.0000000e-02 
   291 :  0.0000000e+00  1.5000000e-02 
   292 :  0.0000000e+00  1.0000000e-02 
   293 :  0.0000000e+00  5.0000000e-03 
   294 :  2.0684161e-02  5.2505374e-02 
   295 :  2.0731393e-02  6.2491703e-02 
   296 :  2.0654024e-02  4.2504576e-02 
   297 :  4.0894513e-03  2.2469992e-02 
   298 :  2.0610126e-02  3.2506179e-02 
   299 :  2.0487503e-02  1.2499826e-02 
   300 :  2.0825275e-02  7.2475081e-02 
   301 :  2.0924262e-02  8.2439902e-02 
   302 :  2.1091685e-02  9.2428155e-02 
   303 :  2.1273139e-02  1.0240700e-01 
   304 :  2.1487421e-02  1.1238540e-01 
   305 :  2.1735731e-02  1.2236322e-01 
   306 :  2.2167195e-02  1.3233999e-01 
   307 :  2.3672761e-02  1.4304778e-01 
   308 :  2.3905569e-02  1.5179663e-01 
   309 :  2.4282175e-02  1.6232714e-01 
   310 :  2.4920758e-02  1.7228238e-01 
   311 :  2.5604334e-02  1.8224497e-01 
   312 :  2.6310917e-02  1.9220033e-01 
   313 :  2.7049550e-02  2.0215354e-01 
   314 :  2.7821429e-02  2.1210444e-01 
   315 :  2.8608146e-02  2.2205480e-01 
   316 :  2.9824430e-02  2.3202257e-01 
   317 :  3.1150918e-02  2.4198467e-01 
   318 :  3.2324924e-02  2.5189123e-01 
   319 :  3.2988964e-02  2.6214070e-01 
   320 :  3.4576006e-02  2.7195959e-01 
   321 :  3.6201826e-02  2.8161123e-01 
   322 :  4.3020128e-03  5.7468106e-02 
   323 :  4.2835751e-03  4.7508225e-02 
   324 :  4.0167830e-03  3.7488817e-02 
   325 :  4.4206098e-03  6.7392727e-02 
   326 :  3.7369113e-02  2.9153802e-01 
   327 :  4.5708797e-03  7.7330503e-02 
   328 :  4.7288557e-03  8.7268529e-02 
   329 :  3.8770766e-02  3.0142845e-01 
   330 :  5.0018776e-03  9.7204129e-02 
   331 :  5.3386272e-03  1.0713786e-01 
   332 :  5.7390260e-03  1.1706933e-01 
   333 :  4.0229591e-02  3.1130760e-01 
   334 :  6.2029670e-03  1.2699818e-01 
   335 :  6.8743802e-03  1.3691554e-01 
   336 :  4.1745076e-02  3.2119178e-01 
   337 :  7.4917820e-03  1.4683525e-01 
   338 :  8.0357563e-03  1.5702129e-01 
   339 :  4.0765731e-03  1.2789870e-02 
   340 :  2.0572995e-02  2.2506353e-02 
   341 :  4.3314270e-02  3.3105158e-01 
   342 :  8.9264919e-03  1.6666112e-01 
   343 :  4.4939767e-02  3.4091427e-01 
   344 :  9.7437353e-03  1.7656637e-01 
   345 :  1.0496225e-02  1.8647807e-01 
   346 :  4.6624682e-02  3.5076698e-01 
   347 :  1.1577814e-02  1.9635929e-01 
   348 :  1.3160762e-02  2.0606722e-01 
   349 :  4.8361872e-02  3.6059858e-01 
   350 :  1.4038725e-02  2.1597931e-01 
   351 :  5.0043567e-02  3.7046000e-01 
   352 :  1.4827269e-02  2.2599798e-01 
   353 :  1.7172374e-02  2.4091012e-01 
   354 :  5.2007302e-02  3.8025286e-01 
   355 :  1.8523190e-02  2.5069163e-01 
   356 :  1.9494719e-02  2.6056839e-01 
   357 :  5.3914384e-02  3.9006289e-01 
   358 :  2.0878045e-02  2.7057758e-01 
   359 :  2.2821208e-02  2.8019056e-01 
   360 :  5.5871709e-02  3.9985513e-01 
   361 :  2.3900742e-02  2.9013058e-01 
   362 :  2.5534373e-02  3.0015170e-01 
   363 :  4.9280239e-02  4.1154731e-01 
   364 :  2.7131790e-02  3.0999917e-01 
   365 :  1.2500000e-02  4.3301270e-03 
   366 :  2.8793561e-02  3.1985071e-01 
   367 :  5.1653121e-02  4.2118340e-01 
   368 :  3.0513959e-02  3.2967792e-01 
   369 :  3.2289135e-02  3.3948878e-01 
   370 :  5.4119309e-02  4.3081188e-01 
   371 :  3.4467101e-02  3.4831622e-01 
   372 :  5.6719047e-02  4.4040518e-01 
   373 :  3.6780494e-02  3.5812712e-01 
   374 :  3.8143783e-02  3.6802800e-01 
   375 :  5.9353343e-02  4.4998910e-01 
   376 :  4.1742920e-02  3.7751231e-01 
   377 :  4.3687158e-02  3.8729750e-01 
   378 :  6.2051351e-02  4.5955545e-01 
   379 :  4.5885479e-02  3.9700171e-01 
   380 :  6.4812884e-02  4.6910381e-01 
   381 :  5.8925434e-02  4.1452484e-01 
   382 :  6.7778678e-02  4.7859114e-01 
   383 :  6.1038607e-02  4.2421367e-01 
   384 :  7.0767833e-02  4.8793479e-01 
   385 :  6.3247373e-02  4.3392336e-01 
   386 :  7.3666586e-02  4.9757682e-01 
   387 :  6.5509551e-02  4.4362352e-01 
   388 :  7.6545686e-02  5.0662150e-01 
   389 :  6.7829662e-02  4.5330851e-01 
   390 :  7.9445631e-02  5.1615716e-01 
   391 :  7.0205576e-02  4.6298065e-01 
   392 :  8.5609523e-02  5.2161569e-01 
   393 :  7.2636912e-02  4.7263972e-01 
   394 :  8.4175609e-02  5.3034362e-01 
   395 :  7.4764605e-02  4.8280565e-01 
   396 :  8.9998167e-02  5.3594309e-01 
   397 :  8.8890202e-02  5.4456601e-01 
   398 :  7.7265855e-02  4.9247801e-01 
   399 :  9.3514928e-02  5.5048574e-01 
   400 :  7.9823330e-02  5.0198451e-01 
   401 :  9.5358315e-02  5.5850540e-01 
   402 :  8.2692555e-02  5.1201405e-01 
   403 :  9.7099306e-02  5.6395836e-01 
   404 :  9.8999096e-02  5.6905285e-01 
   405 :  2.0701216e-02  5.7499934e-02 
   406 :  1.6400188e-02  6.0021757e-02 
   407 :  1.6434020e-02  6.5013410e-02 
   408 :  1.2204732e-02  6.2524214e-02 
   409 :  1.2282691e-02  6.7458020e-02 
   410 :  1.2062928e-02  5.7567430e-02 
   411 :  1.6478572e-02  6.9993080e-02 
   412 :  1.2329192e-02  7.2423732e-02 
   413 :  1.6372914e-02  5.5020434e-02 
   414 :  1.6354578e-02  5.0026276e-02 
   415 :  1.2015960e-02  5.2575619e-02 
   416 :  1.1998903e-02  4.7574165e-02 
   417 :  1.6310086e-02  4.5038574e-02 
   418 :  1.1943540e-02  4.2580766e-02 
   419 :  1.6255651e-02  4.0040621e-02 
   420 :  1.2030846e-02  3.7499789e-02 
   421 :  1.6235078e-02  3.5028021e-02 
   422 :  1.1908748e-02  3.2485805e-02 
   423 :  1.6174687e-02  3.0023768e-02 
   424 :  1.1903789e-02  2.7565518e-02 
   425 :  7.9302433e-03  2.9924485e-02 
   426 :  1.6138941e-02  2.5036506e-02 
   427 :  1.1717386e-02  2.2585854e-02 
   428 :  1.6065656e-02  2.0042133e-02 
   429 :  1.1661372e-02  1.7586203e-02 
   430 :  1.6011193e-02  1.5042148e-02 
   431 :  1.1592075e-02  1.2810019e-02 
   432 :  1.5423375e-02  9.2053379e-03 
   433 :  2.0595796e-02  7.4145969e-03 
   434 :  1.6512979e-02  7.4977615e-02 
   435 :  1.2371475e-02  7.7395522e-02 
   436 :  1.6538466e-02  7.9963137e-02 
   437 :  1.2414317e-02  8.2368612e-02 
   438 :  1.6573940e-02  8.4946793e-02 
   439 :  1.2461595e-02  8.7341541e-02 
   440 :  1.6609413e-02  8.9930450e-02 
   441 :  1.2512325e-02  9.2314624e-02 
   442 :  1.6644887e-02  9.4914108e-02 
   443 :  1.2566268e-02  9.7287650e-02 
   444 :  1.6680360e-02  9.9897768e-02 
   445 :  1.2623414e-02  1.0226091e-01 
   446 :  1.6715834e-02  1.0488143e-01 
   447 :  1.2683677e-02  1.0723411e-01 
   448 :  1.6843451e-02  1.0986567e-01 
   449 :  1.2762428e-02  1.1220770e-01 
   450 :  1.6900756e-02  1.1485176e-01 
   451 :  1.2835048e-02  1.1718155e-01 
   452 :  1.7021210e-02  1.1983715e-01 
   453 :  1.2919701e-02  1.2215570e-01 
   454 :  1.7090469e-02  1.2482485e-01 
   455 :  1.3000226e-02  1.2713016e-01 
   456 :  1.7199168e-02  1.2980923e-01 
   457 :  1.3089044e-02  1.3210457e-01 
   458 :  1.7225325e-02  1.3476186e-01 
   459 :  1.1994820e-02  1.3742180e-01 
   460 :  1.6622045e-02  1.3978485e-01 
   461 :  1.2665897e-02  1.4228968e-01 
   462 :  1.6650398e-02  1.4475583e-01 
   463 :  1.2621972e-02  1.4744809e-01 
   464 :  1.6764404e-02  1.4964849e-01 
   465 :  1.3034226e-02  1.5195691e-01 
   466 :  1.6637748e-02  1.5398598e-01 
   467 :  2.1144953e-02  1.4720079e-01 
   468 :  2.1933401e-02  1.2729664e-01 
   469 :  2.1621868e-02  1.1732709e-01 
   470 :  2.1305911e-02  1.0738594e-01 
   471 :  2.1627116e-02  1.3766850e-01 
   472 :  2.1162095e-02  9.7387421e-02 
   473 :  2.0999999e-02  8.7415685e-02 
   474 :  2.0872204e-02  7.7445575e-02 
   475 :  2.4243295e-02  1.5723673e-01 
   476 :  2.0269682e-02  1.6016464e-01 
   477 :  2.0204070e-02  1.6509392e-01 
   478 :  1.6218713e-02  1.6240133e-01 
   479 :  1.6188818e-02  1.6719979e-01 
   480 :  2.0489621e-02  1.6995576e-01 
   481 :  1.6448658e-02  1.7211719e-01 
   482 :  2.0788281e-02  1.7490576e-01 
   483 :  1.6761337e-02  1.7706890e-01 
   484 :  2.1106520e-02  1.7987459e-01 
   485 :  1.7088478e-02  1.8202958e-01 
   486 :  2.1422161e-02  1.8484978e-01 
   487 :  1.7419876e-02  1.8699261e-01 
   488 :  2.1750185e-02  1.8982349e-01 
   489 :  1.7756333e-02  1.9195598e-01 
   490 :  2.2070279e-02  1.9480012e-01 
   491 :  1.7002307e-02  1.9721118e-01 
   492 :  2.2223483e-02  1.9982240e-01 
   493 :  1.7871988e-02  2.0275817e-01 
   494 :  2.2605419e-02  2.0490459e-01 
   495 :  1.8199445e-02  2.0788088e-01 
   496 :  2.2889990e-02  2.0985174e-01 
   497 :  1.8687437e-02  2.1267380e-01 
   498 :  2.3297899e-02  2.1486616e-01 
   499 :  1.8951385e-02  2.1774809e-01 
   500 :  2.3504514e-02  2.1980039e-01 
   501 :  1.9143497e-02  2.2303208e-01 
   502 :  2.3810588e-02  2.2502067e-01 
   503 :  2.8840441e-02  2.2706724e-01 
   504 :  2.4660882e-02  2.3025584e-01 
   505 :  2.5648468e-02  2.3526187e-01 
   506 :  2.0506999e-02  2.3337306e-01 
   507 :  2.1722109e-02  2.3828700e-01 
   508 :  1.2875934e-02  2.0108064e-01 
   509 :  1.9663330e-02  2.2810993e-01 
   510 :  2.8188025e-02  2.1703738e-01 
   511 :  1.3714245e-02  2.1101812e-01 
   512 :  2.7403800e-02  2.0709390e-01 
   513 :  3.0503099e-02  2.3708690e-01 
   514 :  2.6663969e-02  1.9711099e-01 
   515 :  2.5967222e-02  1.8715651e-01 
   516 :  2.5272468e-02  1.7720837e-01 
   517 :  3.1751134e-02  2.4693038e-01 
   518 :  2.7752307e-02  2.4990113e-01 
   519 :  2.8242486e-02  2.5502056e-01 
   520 :  2.3749580e-02  2.5287918e-01 
   521 :  2.3099449e-02  2.4785461e-01 
   522 :  2.3869108e-02  2.5794121e-01 
   523 :  1.8136745e-02  2.4577784e-01 
   524 :  1.9072494e-02  2.5573509e-01 
   525 :  2.4140917e-02  2.6328571e-01 
   526 :  2.8375298e-02  2.6033502e-01 
   527 :  2.8639665e-02  2.6550362e-01 
   528 :  3.3756443e-02  2.6710001e-01 
   529 :  2.9936511e-02  2.7057719e-01 
   530 :  3.1104536e-02  2.7534494e-01 
   531 :  2.6164375e-02  2.7420903e-01 
   532 :  2.7681781e-02  2.7884513e-01 
   533 :  2.7165380e-02  2.4500848e-01 
   534 :  3.6719731e-02  2.8658964e-01 
   535 :  3.2676990e-02  2.8949673e-01 
   536 :  3.3477793e-02  2.9458196e-01 
   537 :  2.8780835e-02  2.9260099e-01 
   538 :  3.1994878e-02  2.8449863e-01 
   539 :  3.9496168e-02  3.0636942e-01 
   540 :  3.4939615e-02  3.0451856e-01 
   541 :  3.4213711e-02  2.9955969e-01 
   542 :  3.0324164e-02  3.0235998e-01 
   543 :  3.5681530e-02  3.0945667e-01 
   544 :  3.6458620e-02  3.1440934e-01 
   545 :  3.1897783e-02  3.1223708e-01 
   546 :  4.2525042e-02  3.2612242e-01 
   547 :  3.8007536e-02  3.2431406e-01 
   548 :  3.7248639e-02  3.1936156e-01 
   549 :  3.3532010e-02  3.2211369e-01 
   550 :  3.8815275e-02  3.2924153e-01 
   551 :  3.9643111e-02  3.3416697e-01 
   552 :  3.5218696e-02  3.3196096e-01 
   553 :  4.7488659e-02  3.5568359e-01 
   554 :  4.3039561e-02  3.5393515e-01 
   555 :  4.2181082e-02  3.4899088e-01 
   556 :  4.3809176e-02  3.5887477e-01 
   557 :  4.4544026e-02  3.6380848e-01 
   558 :  5.1057919e-02  3.7534942e-01 
   559 :  4.6041908e-02  3.7390485e-01 
   560 :  4.7061589e-02  3.7880806e-01 
   561 :  4.8235146e-02  3.8350989e-01 
   562 :  4.0629969e-02  3.7178225e-01 
   563 :  4.5442928e-02  3.6865817e-01 
   564 :  5.4889468e-02  3.9495903e-01 
   565 :  5.0165763e-02  3.9335082e-01 
   566 :  4.9041611e-02  3.8857112e-01 
   567 :  4.2926916e-02  3.8235424e-01 
   568 :  5.1054954e-02  3.9833781e-01 
   569 :  5.2109322e-02  4.0322715e-01 
   570 :  4.5001624e-02  3.9209897e-01 
   571 :  5.7890834e-02  4.0965223e-01 
   572 :  5.4166079e-02  4.1299754e-01 
   573 :  5.3106904e-02  4.0812807e-01 
   574 :  4.8245670e-02  4.0669392e-01 
   575 :  6.2151297e-02  4.2903109e-01 
   576 :  5.9975126e-02  4.1935279e-01 
   577 :  6.4403072e-02  4.3872016e-01 
   578 :  6.6712279e-02  4.4839651e-01 
   579 :  6.9077956e-02  4.5805975e-01 
   580 :  7.1499371e-02  4.6771011e-01 
   581 :  5.6859819e-02  4.0476836e-01 
   582 :  7.2877815e-02  4.7801825e-01 
   583 :  7.5991496e-02  4.8766742e-01 
   584 :  6.9601324e-02  4.8295928e-01 
   585 :  4.0996828e-02  3.1624847e-01 
   586 :  4.4148482e-02  3.3597031e-01 
   587 :  4.0460422e-02  3.3909586e-01 
   588 :  4.1369917e-02  3.4403662e-01 
   589 :  4.5774053e-02  3.4584002e-01 
   590 :  4.9236797e-02  3.6550681e-01 
   591 :  7.5729187e-03  1.4156214e-01 
   592 :  2.0522891e-02  1.7515077e-02 
   593 :  2.0667142e-02  4.7512467e-02 
   594 :  3.2719134e-02  2.5701158e-01 
   595 :  3.8083803e-02  2.9647665e-01 
   596 :  5.2929269e-02  3.8517719e-01 
   597 :  2.4620633e-02  1.6728593e-01 
   598 :  2.0582791e-02  2.7512135e-02 
   599 :  4.1701557e-03  4.2530258e-02 
   600 :  2.0625813e-02  3.7513233e-02 
   601 :  2.0774402e-02  6.7476354e-02 
   602 :  4.0403371e-03  1.7585573e-02 
   603 :  7.5151335e-03  4.2429549e-03 
   604 :  1.4516408e-02  2.2099170e-01 
   605 :  3.6618134e-02  3.4273593e-01 
   606 :  3.8546498e-02  3.5244558e-01 
   607 :  4.2637754e-03  5.2494891e-02 
   608 :  5.0480687e-02  4.1638551e-01 
   609 :  7.2192427e-02  4.9270663e-01 
   610 :  6.6330615e-02  4.7383728e-01 
   611 :  6.3360533e-02  4.6435053e-01 
   612 :  6.0642305e-02  4.5478937e-01 
   613 :  5.7987376e-02  4.4521069e-01 
   614 :  5.5371936e-02  4.3562137e-01 
   615 :  5.2823276e-02  4.2601423e-01 
   616 :  3.7615090e-02  3.6377446e-01 
   617 :  2.3105157e-02  2.8525075e-01 
   618 :  8.2583000e-02  5.2563578e-01 
   619 :  1.1077737e-02  1.9141500e-01 
   620 :  1.0036692e-02  1.8152948e-01 
   621 :  9.3101523e-03  1.7161581e-01 
   622 :  8.3176242e-03  1.6176789e-01 
   623 :  6.5740084e-03  1.3195510e-01 
   624 :  5.8969601e-03  1.2203738e-01 
   625 :  5.4744129e-03  1.1210632e-01 
   626 :  5.1138338e-03  1.0217300e-01 
   627 :  4.8409086e-03  9.2237030e-02 
   628 :  4.6028027e-03  8.2300466e-02 
   629 :  4.4707015e-03  7.2361994e-02 
   630 :  4.2824993e-03  6.2439128e-02 
   631 :  1.6104432e-02  2.3591525e-01 
   632 :  1.2052222e-02  1.5985861e-01 
   633 :  8.5333555e-03  1.5185955e-01 
   634 :  4.7083105e-02  4.0185535e-01 
   635 :  7.8575619e-02  4.9730175e-01 
   636 :  5.5236527e-02  4.1780199e-01 
   637 :  2.1521543e-02  2.7570335e-01 
   638 :  1.0074220e-01  5.7393598e-01 
   639 :  2.7782635e-02  2.8728936e-01 
   640 :  7.5050770e-02  5.0215606e-01 
   641 :  5.6357391e-02  4.2265345e-01 
   642 :  2.4827710e-02  2.9527921e-01 
   643 :  2.0226736e-02  2.6595965e-01 
   644 :  8.7215336e-02  5.3986228e-01 
   645 :  2.2296108e-02  2.4300433e-01 
   646 :  2.6414347e-02  2.4010554e-01 
   647 :  1.0239351e-01  5.7865331e-01 
   648 :  2.9526431e-02  2.9742225e-01 
   649 :  4.7383636e-03  7.8994603e-03 
   650 :  5.7466345e-02  4.2742230e-01 
   651 :  8.1242281e-02  5.0731647e-01 
   652 :  3.5623267e-02  2.7671596e-01 
   653 :  2.6452162e-02  3.0514391e-01 
   654 :  1.5564698e-02  2.3105242e-01 
   655 :  5.8656700e-02  4.3227168e-01 
   656 :  1.0000000e-02  8.2359082e-03 
   657 :  1.0406015e-01  5.8336483e-01 
   658 :  7.7977041e-02  5.1153530e-01 
   659 :  3.1071174e-02  3.0728590e-01 
   660 :  1.7289576e-02  4.0998900e-03 
   661 :  3.9830915e-03  2.7532085e-02 
   662 :  8.2517567e-03  6.0062306e-02 
   663 :  8.1976282e-03  5.0087885e-02 
   664 :  8.2214870e-03  5.5090499e-02 
   665 :  8.1871077e-03  6.4857119e-02 
   666 :  8.2334817e-03  6.9839178e-02 
   667 :  8.1423488e-03  4.5082539e-02 
   668 :  9.2569609e-02  5.5487701e-01 
   669 :  2.8119367e-02  3.1499420e-01 
   670 :  5.9849157e-02  4.3709036e-01 
   671 :  2.5211215e-02  2.6926319e-01 
   672 :  8.3300641e-03  7.4811390e-02 
   673 :  8.0189945e-03  3.9968891e-02 
   674 :  7.9515833e-03  3.5006505e-02 
   675 :  8.4042298e-02  5.1697024e-01 
   676 :  8.3921784e-03  7.9784407e-02 
   677 :  1.0574221e-01  5.8807045e-01 
   678 :  3.2674997e-02  3.1716110e-01 
   679 :  3.9802835e-03  3.2491982e-02 
   680 :  8.4771260e-03  8.4758603e-02 
   681 :  8.0749690e-03  2.5126792e-02 
   682 :  6.1054854e-02  4.4191289e-01 
   683 :  7.9920287e-03  2.0103017e-02 
   684 :  8.5583158e-03  8.9728279e-02 
   685 :  7.8798283e-03  1.5373653e-02 
   686 :  8.1044431e-02  5.2091979e-01 
   687 :  3.1525867e-02  2.7998604e-01 
   688 :  2.9848675e-02  3.2483523e-01 
   689 :  8.6447558e-03  9.4689231e-02 
   690 :  1.0743980e-01  5.9277007e-01 
   691 :  6.2273833e-02  4.4672300e-01 
   692 :  3.4322692e-02  3.2702390e-01 
   693 :  8.7382527e-03  9.9657321e-02 
   694 :  8.7163827e-02  5.2602623e-01 
   695 :  3.1634213e-02  3.3465163e-01 
   696 :  8.8416797e-03  1.0461825e-01 
   697 :  6.3565516e-02  4.5157355e-01 
   698 :  1.0915304e-01  5.9746358e-01 
   699 :  8.8387862e-02  5.3123260e-01 
   700 :  8.9572501e-03  1.0958613e-01 
   701 :  3.6274788e-02  3.3709902e-01 
   702 :  6.4761051e-02  4.5634619e-01 
   703 :  9.1385236e-03  1.1459367e-01 
   704 :  2.6890146e-02  2.8281885e-01 
   705 :  3.2493311e-02  3.4393804e-01 
   706 :  1.1088208e-01  6.0215087e-01 
   707 :  8.5672128e-02  5.3513643e-01 
   708 :  3.8636547e-02  3.4730505e-01 
   709 :  6.6090107e-02  4.6118820e-01 
   710 :  9.2851691e-03  1.1956456e-01 
   711 :  1.1954138e-02  1.6407209e-01 
   712 :  9.1408892e-02  5.4086744e-01 
   713 :  1.2272819e-02  1.6899235e-01 
   714 :  1.1262713e-01  6.0683181e-01 
   715 :  3.4503311e-02  3.5371998e-01 
   716 :  1.2617087e-02  1.7392387e-01 
   717 :  9.4377155e-03  1.2453577e-01 
   718 :  2.1333339e-02  3.6666613e-03 
   719 :  3.6602540e-03  3.6602540e-03 
   720 :  6.7301205e-02  4.6595155e-01 
   721 :  1.2972322e-02  1.7888581e-01 
   722 :  2.0452142e-02  1.5538088e-01 
   723 :  4.0704479e-02  3.5704540e-01 
   724 :  9.2662501e-02  5.4542424e-01 
   725 :  9.6264091e-03  1.2949896e-01 
   726 :  1.6402480e-02  1.5845324e-01 
   727 :  1.3330309e-02  1.8382223e-01 
   728 :  1.1438841e-01  6.1150624e-01 
   729 :  6.8703890e-02  4.7077807e-01 
   730 :  4.1051452e-02  3.6149184e-01 
   731 :  7.6573680e-03  1.1421782e-02 
   732 :  8.9893204e-02  5.4844361e-01 
   733 :  1.3711713e-02  1.8878290e-01 
   734 :  9.5006305e-03  1.3409017e-01 
   735 :  6.9648401e-02  4.7525597e-01 
   736 :  2.5003802e-02  1.4728044e-01 
   737 :  1.1616621e-01  6.1617400e-01 
   738 :  1.4154845e-02  1.9328033e-01 
   739 :  9.6115411e-02  5.5429997e-01 
   740 :  1.9973129e-02  1.5155226e-01 
   741 :  4.1815640e-02  3.6639547e-01 
   742 :  1.9648451e-02  1.4230601e-01 
   743 :  2.4547227e-02  2.7723701e-01 
   744 :  1.1796810e-01  6.2084108e-01 
   745 :  1.1852832e-02  1.5555535e-01 
Number of edges 294 
     0 :      0      7 
     1 :      7      8 
     2 :      8      9 
     3 :      9     10 
     4 :     10      6 
     5 :      6     11 
     6 :     11     12 
     7 :     12     13 
     8 :     13     14 
     9 :     14     15 
    10 :     15     16 
    11 :     16     17 
    12 :     17     18 
    13 :     18     19 
    14 :     19      5 
    15 :      5     20 
    16 :     20     21 
    17 :     21     22 
    18 :     22     23 
    19 :     23     24 
    20 :     24     25 
    21 :     25     26 
    22 :     26     27 
    23 :     27     28 
    24 :     28     29 
    25 :     29     30 
    26 :     30     31 
    27 :     31     32 
    28 :     32     33 
    29 :     33     34 
    30 :     34     35 
    31 :     35     36 
    32 :     36     37 
    33 :     37     38 
    34 :     38     39 
    35 :     39     40 
    36 :     40     41 
    37 :     41     42 
    38 :     42     43 
    39 :     43     44 
    40 :     44     45 
    41 :     45     46 
    42 :     46     47 
    43 :     47     48 
    44 :     48     49 
    45 :     49     50 
    46 :     50     51 
    47 :     51     52 
    48 :     52     53 
    49 :     53     54 
    50 :     54     55 
    51 :     55     56 
    52 :     56     57 
    53 :     57     58 
    54 :     58     59 
    55 :     59     60 
    56 :     60     61 
    57 :     61     62 
    58 :     62     63 
    59 :     63     64 
    60 :     64     65 
    61 :     65     66 
    62 :     66     67 
    63 :     67     68 
    64 :     68     69 
    65 :     69     70 
    66 :     70     71 
    67 :     71     72 
    68 :     72     73 
    69 :     73     74 
    70 :     74     75 
    71 :     75     76 
    72 :     76     77 
    73 :     77     78 
    74 :     78     79 
    75 :     79     80 
    76 :     80     81 
    77 :     81     82 
    78 :     82     83 
    79 :     83     84 
    80 :     84     85 
    81 :     85     86 
    82 :     86     87 
    83 :     87     88 
    84 :     88     89 
    85 :     89     90 
    86 :     90     91 
    87 :     91     92 
    88 :     92     93 
    89 :     93     94 
    90 :     94     95 
    91 :     95     96 
    92 :     96     97 
    93 :     97     98 
    94 :     98     99 
    95 :     99    100 
    96 :    100    101 
    97 :    101    102 
    98 :    102    103 
    99 :    103    104 
   100 :    104    105 
   101 :    105    106 
   102 :    106    107 
   103 :    107    108 
   104 :    108    109 
   105 :    109    110 
   106 :    110    111 
   107 :    111    112 
   108 :    112    113 
   109 :    113    114 
   110 :    114    115 
   111 :    115    116 
   112 :    116    117 
   113 :    117    118 
   114 :    118    119 
   115 :    119    120 
   116 :    120    121 
   117 :    121    122 
   118 :    122    123 
   119 :    123    124 
   120 :    124    125 
   121 :    125    126 
   122 :    126    127 
   123 :    127    128 
   124 :    128    129 
   125 :    129    130 
   126 :    130    131 
   127 :    131    132 
   128 :    132    133 
   129 :    133    134 
   130 :    134      4 
   131 :      4      3 
   132 :      3    135 
   133 :    135    136 
   134 :    136    137 
   135 :    137    138 
   136 :    138    139 
   137 :    139    140 
   138 :    140    141 
   139 :    141    142 
   140 :    142    143 
   141 :    143    144 
   142 :    144    145 
   143 :    145    146 
   144 :    146    147 
   145 :    147    148 
   146 :    148    149 
   147 :    149    150 
   148 :    150      2 
   149 :      2    151 
   150 :    151    152 
   151 :    152    153 
   152 :    153    154 
   153 :    154    155 
   154 :    155    156 
   155 :    156    157 
   156 :    157    158 
   157 :    158    159 
   158 :    159    160 
   159 :    160    161 
   160 :    161    162 
   161 :    162    163 
   162 :    163    164 
   163 :    164    165 
   164 :    165    166 
   165 :    166    167 
   166 :    167    168 
   167 :    168    169 
   168 :    169    170 
   169 :    170    171 
   170 :    171    172 
   171 :    172    173 
   172 :    173    174 
   173 :    174    175 
   174 :    175    176 
   175 :    176    177 
   176 :    177    178 
   177 :    178    179 
   178 :    179    180 
   179 :    180    181 
   180 :    181    182 
   181 :    182    183 
   182 :    183    184 
   183 :    184    185 
   184 :    185    186 
   185 :    186    187 
   186 :    187    188 
   187 :    188    189 
   188 :    189    190 
   189 :    190    191 
   190 :    191    192 
   191 :    192    193 
   192 :    193    194 
   193 :    194    195 
   194 :    195    196 
   195 :    196    197 
   196 :    197    198 
   197 :    198    199 
   198 :    199    200 
   199 :    200    201 
   200 :    201    202 
   201 :    202    203 
   202 :    203    204 
   203 :    204    205 
   204 :    205    206 
   205 :    206    207 
   206 :    207    208 
   207 :    208    209 
   208 :    209    210 
   209 :    210    211 
   210 :    211    212 
   211 :    212    213 
   212 :    213    214 
   213 :    214    215 
   214 :    215    216 
   215 :    216    217 
   216 :    217    218 
   217 :    218    219 
   218 :    219    220 
   219 :    220    221 
   220 :    221    222 
   221 :    222    223 
   222 :    223    224 
   223 :    224    225 
   224 :    225    226 
   225 :    226    227 
   226 :    227    228 
   227 :    228    229 
   228 :    229    230 
   229 :    230    231 
   230 :    231    232 
   231 :    232    233 
   232 :    233    234 
   233 :    234    235 
   234 :    235    236 
   235 :    236    237 
   236 :    237    238 
   237 :    238    239 
   238 :    239    240 
   239 :    240    241 
   240 :    241    242 
   241 :    242    243 
   242 :    243    244 
   243 :    244    245 
   244 :    245    246 
   245 :    246    247 
   246 :    247    248 
   247 :    248    249 
   248 :    249    250 
   249 :    250    251 
   250 :    251    252 
   251 :    252    253 
   252 :    253    254 
   253 :    254    255 
   254 :    255    256 
   255 :    256    257 
   256 :    257    258 
   257 :    258    259 
   258 :    259    260 
   259 :    260    261 
   260 :    261    262 
   261 :    262    263 
   262 :    263    264 
   263 :    264    265 
   264 :    265    266 
   265 :    266    267 
   266 :    267    268 
   267 :    268    269 
   268 :    269    270 
   269 :    270    271 
   270 :    271    272 
   271 :    272    273 
   272 :    273    274 
   273 :    274    275 
   274 :    275    276 
   275 :    276    277 
   276 :    277    278 
   277 :    278    279 
   278 :    279    280 
   279 :    280    281 
   280 :    281    282 
   281 :    282    283 
   282 :    283    284 
   283 :    284      1 
   284 :      1    285 
   285 :    285    286 
   286 :    286    287 
   287 :    287    288 
   288 :    288    289 
   289 :    289    290 
   290 :    290    291 
   291 :    291    292 
   292 :    292    293 
   293 :    293      0 
Number of triangles 1196 
     0 :    559    560    376
     1 :    525    671    643
     2 :    123    401    122
     3 :    403    404    179
     4 :     37    471     36
     5 :    461    463    337
     6 :    123    403    401
     7 :    337    591    461
     8 :    459    591    335
     9 :    493    495    348
    10 :    395    583    384
    11 :    166    744      3
    12 :    432    656    365
    13 :    384    584    395
    14 :    365    660    432
    15 :    124    404    403
    16 :    538    704    687
    17 :    135    166      3
    18 :    502    509    501
    19 :    582    584    382
    20 :    140    161    139
    21 :    353    631    507
    22 :    306    458    456
    23 :    319    528    527
    24 :    167    744    166
    25 :    319    527    526
    26 :    220    562    219
    27 :    161    162    139
    28 :    531    637    358
    29 :    507    645    353
    30 :    358    671    531
    31 :    376    562    559
    32 :    463    633    337
    33 :    461    591    459
    34 :    316    505    504
    35 :    246    523    245
    36 :    561    566    377
    37 :    491    508    347
    38 :    583    609    384
    39 :    465    633    463
    40 :     55    503     54
    41 :    348    508    493
    42 :    398    609    583
    43 :    501    509    352
    44 :    165    166    135
    45 :    687    704    532
    46 :    307    471     37
    47 :    507    631    506
    48 :    355    521    520
    49 :    315    502    500
    50 :    255    508    254
    51 :    643    671    358
    52 :    395    584    582
    53 :    353    645    523
    54 :    316    504    503
    55 :    136    165    135
    56 :    218    567    217
    57 :    560    567    376
    58 :     63    528     62
    59 :    537    639    535
    60 :    519    594    526
    61 :    386    609    398
    62 :    179    404    178
    63 :    605    708    371
    64 :    497    499    350
    65 :    371    705    605
    66 :    305    454    452
    67 :    139    162    138
    68 :    398    635    386
    69 :    495    511    348
    70 :    456    468    306
    71 :     35    468     34
    72 :    162    163    138
    73 :    377    567    561
    74 :    527    671    525
    75 :    631    654    506
    76 :    124    403    123
    77 :    635    640    386
    78 :    164    165    136
    79 :     36    471    306
    80 :    361    639    537
    81 :    404    638    178
    82 :    400    640    635
    83 :    552    701    695
    84 :    695    701    369
    85 :    219    562    376
    86 :    374    562    220
    87 :    565    568    379
    88 :    347    738    491
    89 :    178    638    177
    90 :    651    658    388
    91 :    245    523    355
    92 :    353    523    246
    93 :    504    509    502
    94 :    216    570    215
    95 :    520    524    355
    96 :    549    692    688
    97 :    350    511    497
    98 :    306    471    458
    99 :    402    658    651
   100 :    688    692    368
   101 :     54    503    315
   102 :    316    503     55
   103 :    314    498    496
   104 :    137    164    136
   105 :    506    654    509
   106 :     53    510     52
   107 :    253    511    252
   108 :    638    647    177
   109 :    566    570    377
   110 :    163    164    137
   111 :    500    510    315
   112 :    675    686    390
   113 :    315    503    502
   114 :    138    163    137
   115 :    392    686    675
   116 :    244    524    243
   117 :    399    668    182
   118 :    545    678    669
   119 :    177    647    176
   120 :    254    508    348
   121 :    347    508    255
   122 :    119    724    712
   123 :    526    594    319
   124 :    305    468    454
   125 :    669    678    366
   126 :    304    450    448
   127 :    563    590    351
   128 :    217    567    377
   129 :    376    567    218
   130 :     33    469     32
   131 :    699    707    394
   132 :    431    656    432
   133 :    712    724    397
   134 :     62    528    319
   135 :    320    528     63
   136 :    355    523    521
   137 :    452    469    305
   138 :    396    707    699
   139 :    647    657    176
   140 :    499    604    350
   141 :    182    732    399
   142 :    542    659    653
   143 :    373    715    606
   144 :    606    723    373
   145 :    176    657    175
   146 :    356    524    522
   147 :    379    570    565
   148 :    653    659    364
   149 :    519    526    522
   150 :    214    634    213
   151 :    432    660    433
   152 :     34    468    305
   153 :    306    468     35
   154 :    197    584    196
   155 :    537    648    642
   156 :    374    741    562
   157 :    388    640    400
   158 :    314    510    498
   159 :    657    677    175
   160 :    562    741    563
   161 :    642    648    362
   162 :     51    512     50
   163 :    493    508    491
   164 :    522    525    356
   165 :    400    651    388
   166 :    313    494    492
   167 :    496    512    314
   168 :    175    677    174
   169 :    535    639    538
   170 :    267    591    266
   171 :    215    570    379
   172 :    377    570    216
   173 :     52    510    314
   174 :    315    510     53
   175 :    213    634    574
   176 :    304    469    450
   177 :     57    513     56
   178 :    252    511    350
   179 :    348    511    253
   180 :     31    470     30
   181 :    557    590    563
   182 :    568    634    379
   183 :    497    511    495
   184 :    448    470    304
   185 :    677    690    174
   186 :    303    446    444
   187 :    243    524    356
   188 :    355    524    244
   189 :    352    604    501
   190 :     32    469    304
   191 :    305    469     33
   192 :    174    690    173
   193 :    559    563    351
   194 :    430    432    299
   195 :    501    604    499
   196 :     12    433     11
   197 :    213    574    212
   198 :    313    512    494
   199 :    251    604    250
   200 :    505    506    504
   201 :    726    745    466
   202 :     49    514     48
   203 :    492    514    313
   204 :    561    567    560
   205 :    196    584    384
   206 :    382    584    197
   207 :    690    698    173
   208 :    401    403    180
   209 :    180    403    179
   210 :    537    642    361
   211 :     14    592     13
   212 :     50    512    313
   213 :    314    512     51
   214 :    312    490    488
   215 :    603    656    649
   216 :    379    634    214
   217 :    432    433    299
   218 :    303    470    446
   219 :    173    698    172
   220 :    522    524    520
   221 :    320    530    529
   222 :    426    428    340
   223 :    320    529    528
   224 :    444    472    303
   225 :    266    591    337
   226 :    335    591    267
   227 :    316    513    505
   228 :    299    433     12
   229 :     56    513    316
   230 :    317    513     57
   231 :     29    472     28
   232 :     30    470    303
   233 :    304    470     31
   234 :    363    573    572
   235 :    302    442    440
   236 :    212    574    363
   237 :    362    648    542
   238 :    661    679    288
   239 :    698    706    172
   240 :    656    731    649
   241 :    299    592    430
   242 :    454    468    456
   243 :    363    574    573
   244 :    312    514    490
   245 :     16    598     15
   246 :    565    570    566
   247 :    488    515    312
   248 :    639    704    538
   249 :     48    514    312
   250 :    313    514     49
   251 :    250    604    352
   252 :    350    604    251
   253 :    172    706    171
   254 :    542    653    362
   255 :     47    515     46
   256 :    302    472    442
   257 :    421    423    298
   258 :     13    592    299
   259 :    340    592     14
   260 :    498    510    500
   261 :    440    473    302
   262 :    428    592    340
   263 :    311    486    484
   264 :    390    658    402
   265 :    340    598    426
   266 :    573    574    569
   267 :    450    469    452
   268 :     28    472    302
   269 :    303    472     29
   270 :    503    504    502
   271 :    562    563    559
   272 :    513    646    505
   273 :    522    526    525
   274 :    402    675    390
   275 :     27    473     26
   276 :    382    735    582
   277 :    706    714    171
   278 :    311    515    486
   279 :    494    512    496
   280 :    723    730    373
   281 :     15    598    340
   282 :    298    598     16
   283 :     18    600     17
   284 :    673    674    420
   285 :    528    529    527
   286 :    301    438    436
   287 :    484    516    311
   288 :    588    589    555
   289 :    572    608    363
   290 :    446    470    448
   291 :    211    608    210
   292 :    476    726    722
   293 :    505    646    507
   294 :     46    515    311
   295 :    312    515     47
   296 :    423    598    298
   297 :    298    600    421
   298 :    479    711    478
   299 :    301    473    438
   300 :    373    730    616
   301 :    467    736    308
   302 :    505    507    506
   303 :    506    509    504
   304 :    436    474    301
   305 :    479    713    711
   306 :    490    514    492
   307 :    171    714    170
   308 :    530    531    529
   309 :    442    472    444
   310 :     26    473    301
   311 :    302    473     27
   312 :    417    419    296
   313 :    532    704    359
   314 :    544    585    548
   315 :    359    743    532
   316 :    481    713    479
   317 :     45    516     44
   318 :    569    581    573
   319 :    364    659    545
   320 :    296    600     18
   321 :     17    600    298
   322 :    296    593    417
   323 :    569    634    568
   324 :    483    716    481
   325 :    561    596    566
   326 :    310    516    482
   327 :    486    515    488
   328 :    632    745    726
   329 :    310    482    480
   330 :    343    589    588
   331 :    438    473    440
   332 :    536    595    541
   333 :    480    597    310
   334 :    574    634    569
   335 :    210    608    367
   336 :    363    608    211
   337 :    300    474    434
   338 :    419    600    296
   339 :    343    588    587
   340 :    483    721    716
   341 :    415    416    414
   342 :    458    471    460
   343 :     44    516    310
   344 :    311    516     45
   345 :    521    533    518
   346 :    343    587    586
   347 :    410    413    406
   348 :    482    516    484
   349 :    526    527    525
   350 :    534    538    321
   351 :    434    474    436
   352 :    481    716    713
   353 :    413    415    414
   354 :     25    474     24
   355 :    300    434    411
   356 :    411    601    300
   357 :     90    581    360
   358 :    518    533    517
   359 :    558    560    559
   360 :    406    413    405
   361 :    410    415    413
   362 :    335    734    459
   363 :    360    581    569
   364 :    309    597    477
   365 :    333    585    544
   366 :    548    585    336
   367 :    341    586    551
   368 :    555    589    346
   369 :    349    590    557
   370 :    566    596    357
   371 :     24    474    300
   372 :    301    474     25
   373 :    571    581     91
   374 :     91    581     90
   375 :    318    594    519
   376 :    326    595    536
   377 :     20    405    294
   378 :     58    517    317
   379 :     60    594    318
   380 :     66    534    321
   381 :     68    595    326
   382 :    517    533    317
   383 :     84    558    351
   384 :    586    587    551
   385 :     93    576    381
   386 :     97    577    385
   387 :    558    559    351
   388 :     99    578    387
   389 :    101    579    389
   390 :    103    580    391
   391 :    105    582    393
   392 :    107    583    395
   393 :    405    413    294
   394 :    477    597    480
   395 :    401    739    122
   396 :    530    532    531
   397 :    430    592    428
   398 :    539    543    540
   399 :    546    550    547
   400 :    553    556    554
   401 :    564    568    565
   402 :    545    669    364
   403 :    417    593    414
   404 :      5    593     19
   405 :    573    581    571
   406 :    295    601    407
   407 :    354    596    561
   408 :     19    593    296
   409 :    426    598    423
   410 :    485    721    483
   411 :    714    728    170
   412 :    309    476    475
   413 :    539    540    329
   414 :    333    543    539
   415 :    546    547    336
   416 :    341    550    546
   417 :    553    554    346
   418 :    349    556    553
   419 :    564    565    357
   420 :    360    568    564
   421 :    421    600    419
   422 :    285    323      1
   423 :    541    595    329
   424 :    407    601    411
   425 :     21    405     20
   426 :     59    517     58
   427 :     61    594     60
   428 :     67    534     66
   429 :     69    595     68
   430 :     85    558     84
   431 :     92    571     91
   432 :     94    576     93
   433 :     98    577     97
   434 :    100    578     99
   435 :    102    579    101
   436 :    104    580    103
   437 :    106    582    105
   438 :    108    583    107
   439 :     22    601    295
   440 :    300    601     23
   441 :     40    475    308
   442 :    309    475     41
   443 :     42    597    309
   444 :    310    597     43
   445 :     70    539    329
   446 :    333    539     71
   447 :     72    585    333
   448 :    336    585     73
   449 :     74    546    336
   450 :    341    546     75
   451 :     76    586    341
   452 :    343    586     77
   453 :     78    589    343
   454 :    346    589     79
   455 :     80    553    346
   456 :    349    553     81
   457 :     82    590    349
   458 :    351    590     83
   459 :     86    596    354
   460 :    357    596     87
   461 :     88    564    357
   462 :    360    564     89
   463 :     95    575    383
   464 :    385    575     96
   465 :    416    417    414
   466 :    324    599    286
   467 :    309    477    476
   468 :    540    541    329
   469 :    333    544    543
   470 :    547    548    336
   471 :    341    551    550
   472 :    554    555    346
   473 :    349    557    556
   474 :    565    566    357
   475 :    360    569    568
   476 :    294    593      5
   477 :    588    605    587
   478 :    413    414    294
   479 :    477    478    476
   480 :    540    542    541
   481 :    544    545    543
   482 :    547    549    548
   483 :    551    552    550
   484 :    477    479    478
   485 :    181    401    180
   486 :    184    397    183
   487 :    187    394    186
   488 :    190    390    189
   489 :    192    388    191
   490 :    194    386    193
   491 :    196    384    195
   492 :    462    467    464
   493 :    198    382    197
   494 :    200    380    199
   495 :    202    378    201
   496 :    204    375    203
   497 :    206    372    205
   498 :    208    370    207
   499 :    477    480    479
   500 :    210    367    209
   501 :    212    363    211
   502 :    215    379    214
   503 :    217    377    216
   504 :    219    376    218
   505 :    221    374    220
   506 :    223    373    222
   507 :    225    371    224
   508 :    227    369    226
   509 :    229    368    228
   510 :    231    366    230
   511 :    233    364    232
   512 :    235    362    234
   513 :    237    361    236
   514 :    239    359    238
   515 :    241    358    240
   516 :    243    356    242
   517 :    245    355    244
   518 :    247    353    246
   519 :    250    352    249
   520 :    252    350    251
   521 :    254    348    253
   522 :    256    347    255
   523 :    258    345    257
   524 :    260    344    259
   525 :    262    342    261
   526 :    264    338    263
   527 :    266    337    265
   528 :    268    335    267
   529 :    270    334    269
   530 :    272    332    271
   531 :    274    331    273
   532 :    276    330    275
   533 :    278    328    277
   534 :    280    327    279
   535 :    282    325    281
   536 :    284    322    283
   537 :    480    482    481
   538 :    482    484    483
   539 :    484    486    485
   540 :    434    436    435
   541 :    436    438    437
   542 :    486    488    487
   543 :    411    434    412
   544 :    488    490    489
   545 :    438    440    439
   546 :    490    492    491
   547 :    440    442    441
   548 :    492    494    493
   549 :    442    444    443
   550 :    494    496    495
   551 :    444    446    445
   552 :    496    498    497
   553 :    446    448    447
   554 :    498    500    499
   555 :    448    450    449
   556 :    500    502    501
   557 :    450    452    451
   558 :    452    454    453
   559 :    454    456    455
   560 :    456    458    457
   561 :    458    460    459
   562 :    460    462    461
   563 :    462    464    463
   564 :    464    466    465
   565 :    407    411    409
   566 :    290    602    297
   567 :      8    603      7
   568 :      9    365      8
   569 :    287    324    286
   570 :     13    299     12
   571 :     15    340     14
   572 :     19    296     18
   573 :    290    297    289
   574 :    365    603      8
   575 :    292    339    291
   576 :     17    298     16
   577 :    291    602    290
   578 :    339    602    291
   579 :    431    432    430
   580 :    480    481    479
   581 :    429    431    430
   582 :    434    435    412
   583 :    436    437    435
   584 :    438    439    437
   585 :    440    441    439
   586 :    482    483    481
   587 :    442    443    441
   588 :    444    445    443
   589 :    446    447    445
   590 :    484    485    483
   591 :    448    449    447
   592 :    486    487    485
   593 :    450    451    449
   594 :    411    412    409
   595 :    488    489    487
   596 :    452    453    451
   597 :    490    491    489
   598 :    454    455    453
   599 :    456    457    455
   600 :    492    493    491
   601 :    458    459    457
   602 :    494    495    493
   603 :    460    461    459
   604 :    496    497    495
   605 :    462    463    461
   606 :    498    499    497
   607 :    464    465    463
   608 :    500    501    499
   609 :    429    430    428
   610 :     20    294      5
   611 :     22    295     21
   612 :     24    300     23
   613 :     23    601     22
   614 :     26    301     25
   615 :     28    302     27
   616 :     30    303     29
   617 :     32    304     31
   618 :     34    305     33
   619 :     36    306     35
   620 :     38    307     37
   621 :     40    308     39
   622 :     41    475     40
   623 :     42    309     41
   624 :     43    597     42
   625 :     44    310     43
   626 :     46    311     45
   627 :     48    312     47
   628 :     50    313     49
   629 :     52    314     51
   630 :     54    315     53
   631 :     56    316     55
   632 :     58    317     57
   633 :    427    429    428
   634 :     60    318     59
   635 :     62    319     61
   636 :     64    320     63
   637 :     66    321     65
   638 :     68    326     67
   639 :     70    329     69
   640 :     71    539     70
   641 :     72    333     71
   642 :     74    336     73
   643 :     73    585     72
   644 :     75    546     74
   645 :     76    341     75
   646 :     77    586     76
   647 :     78    343     77
   648 :     79    589     78
   649 :    295    405     21
   650 :     80    346     79
   651 :     81    553     80
   652 :     82    349     81
   653 :     83    590     82
   654 :     84    351     83
   655 :     86    354     85
   656 :     87    596     86
   657 :     88    357     87
   658 :     89    564     88
   659 :    318    517     59
   660 :     90    360     89
   661 :    319    594     61
   662 :    326    534     67
   663 :    329    595     69
   664 :     93    381     92
   665 :    295    407    406
   666 :     95    383     94
   667 :    407    409    408
   668 :     96    575     95
   669 :     97    385     96
   670 :     99    387     98
   671 :    101    389    100
   672 :    520    521    518
   673 :    318    519    518
   674 :    354    558     85
   675 :    519    522    520
   676 :    103    391    102
   677 :    535    538    534
   678 :    326    536    535
   679 :    105    393    104
   680 :    107    395    106
   681 :    381    571     92
   682 :    109    398    108
   683 :    383    576     94
   684 :    111    400    110
   685 :    295    406    405
   686 :    387    577     98
   687 :    407    408    406
   688 :    354    561    560
   689 :    113    402    112
   690 :    427    428    426
   691 :    389    578    100
   692 :    391    579    102
   693 :    115    392    114
   694 :    572    573    571
   695 :    318    518    517
   696 :    393    580    104
   697 :    519    520    518
   698 :    395    582    106
   699 :    326    535    534
   700 :    118    396    117
   701 :    398    583    108
   702 :    536    537    535
   703 :    121    399    120
   704 :    354    560    558
   705 :    125    404    124
   706 :    381    572    571
   707 :    422    425    424
   708 :    424    427    426
   709 :    286    599    285
   710 :    424    426    423
   711 :    422    424    423
   712 :    422    423    421
   713 :    408    410    406
   714 :    420    422    421
   715 :    285    599    323
   716 :    420    421    419
   717 :    416    418    417
   718 :    418    420    419
   719 :    418    419    417
   720 :    284    607    322
   721 :      1    607    284
   722 :    414    593    294
   723 :    323    607      1
   724 :    554    606    555
   725 :    487    727    485
   726 :    576    636    381
   727 :    317    646    513
   728 :    425    679    661
   729 :    109    635    398
   730 :    400    635    110
   731 :    187    618    394
   732 :    194    609    386
   733 :    384    609    195
   734 :    198    610    382
   735 :    380    610    199
   736 :    200    611    380
   737 :    378    611    201
   738 :    202    612    378
   739 :    375    612    203
   740 :    204    613    375
   741 :    372    613    205
   742 :    206    614    372
   743 :    370    614    207
   744 :    208    615    370
   745 :    367    615    209
   746 :    221    616    374
   747 :    373    616    222
   748 :    237    617    361
   749 :    359    617    238
   750 :    247    631    353
   751 :    256    619    347
   752 :    345    619    257
   753 :    188    618    187
   754 :    258    620    345
   755 :    344    620    259
   756 :    260    621    344
   757 :    342    621    261
   758 :    262    622    342
   759 :    338    622    263
   760 :    268    623    335
   761 :    334    623    269
   762 :    270    624    334
   763 :    332    624    271
   764 :    272    625    332
   765 :    331    625    273
   766 :    274    626    331
   767 :    330    626    275
   768 :    276    627    330
   769 :    328    627    277
   770 :    278    628    328
   771 :    327    628    279
   772 :    280    629    327
   773 :    325    629    281
   774 :    282    630    325
   775 :    322    630    283
   776 :    195    609    194
   777 :    199    610    198
   778 :    201    611    200
   779 :    203    612    202
   780 :    205    613    204
   781 :    207    614    206
   782 :    209    615    208
   783 :    222    616    221
   784 :    238    617    237
   785 :    248    631    247
   786 :    257    619    256
   787 :    259    620    258
   788 :    261    621    260
   789 :    263    622    262
   790 :    269    623    268
   791 :    271    624    270
   792 :    273    625    272
   793 :    275    626    274
   794 :    277    627    276
   795 :    279    628    278
   796 :    281    629    280
   797 :    283    630    282
   798 :    485    727    721
   799 :    264    633    338
   800 :    337    633    265
   801 :    525    643    356
   802 :    487    733    727
   803 :    265    633    264
   804 :    618    694    394
   805 :    338    632    622
   806 :    366    678    549
   807 :    170    728    169
   808 :    125    638    404
   809 :    383    641    576
   810 :    110    635    109
   811 :    509    654    352
   812 :    239    637    359
   813 :    358    637    240
   814 :    694    699    394
   815 :    324    674    673
   816 :    489    733    487
   817 :    381    636    572
   818 :    572    636    608
   819 :    608    636    367
   820 :    533    646    317
   821 :    307    742    471
   822 :    466    745    465
   823 :    320    652    530
   824 :    542    648    541
   825 :    192    640    388
   826 :    386    640    193
   827 :    491    738    489
   828 :    728    737    169
   829 :    489    738    733
   830 :    549    688    366
   831 :    240    637    239
   832 :    235    642    362
   833 :    361    642    236
   834 :    126    638    125
   835 :    536    648    537
   836 :    722    726    466
   837 :    575    650    383
   838 :    617    639    361
   839 :    531    671    529
   840 :    293    649    292
   841 :    241    643    358
   842 :    356    643    242
   843 :    185    644    184
   844 :    111    651    400
   845 :    402    651    112
   846 :    383    650    641
   847 :     64    652    320
   848 :    321    652     65
   849 :    169    737    168
   850 :    576    641    636
   851 :    308    740    467
   852 :    523    645    521
   853 :    575    655    650
   854 :    126    647    638
   855 :    737    744    168
   856 :    233    653    364
   857 :    362    653    234
   858 :    193    640    192
   859 :    352    654    249
   860 :    540    659    542
   861 :    545    659    543
   862 :    367    641    615
   863 :    636    641    367
   864 :    538    687    321
   865 :    248    654    631
   866 :     10    660      9
   867 :    236    642    235
   868 :    190    658    390
   869 :    388    658    191
   870 :    385    655    575
   871 :    368    692    552
   872 :    289    661    288
   873 :    618    686    392
   874 :    549    678    548
   875 :    544    678    545
   876 :    168    744    167
   877 :    392    694    618
   878 :    113    675    402
   879 :    392    675    114
   880 :    541    648    536
   881 :    182    668    181
   882 :    231    669    366
   883 :    364    669    232
   884 :    420    674    422
   885 :    521    645    533
   886 :    552    695    368
   887 :    185    707    644
   888 :    242    643    241
   889 :    184    644    397
   890 :    127    647    126
   891 :    425    681    424
   892 :    577    670    385
   893 :    641    650    615
   894 :    292    649    339
   895 :    616    741    374
   896 :    390    686    189
   897 :    229    688    368
   898 :    366    688    230
   899 :    547    692    549
   900 :    552    692    550
   901 :    307    736    467
   902 :    112    651    111
   903 :    188    686    618
   904 :    385    670    655
   905 :    467    742    307
   906 :    615    650    370
   907 :    588    708    605
   908 :    115    694    392
   909 :     65    652     64
   910 :    127    657    647
   911 :    577    682    670
   912 :    227    695    369
   913 :    368    695    228
   914 :    396    699    117
   915 :    605    701    587
   916 :    369    701    605
   917 :    507    646    645
   918 :    551    701    552
   919 :    606    708    555
   920 :    371    708    606
   921 :    730    741    616
   922 :    650    655    370
   923 :    234    653    233
   924 :    644    707    396
   925 :    409    665    408
   926 :    645    646    533
   927 :    663    664    607
   928 :    471    742    460
   929 :    287    679    324
   930 :    409    666    665
   931 :    387    682    577
   932 :    435    672    412
   933 :    412    666    409
   934 :    225    705    371
   935 :    369    705    226
   936 :    118    712    396
   937 :    605    705    369
   938 :    476    722    475
   939 :    394    707    186
   940 :    249    654    248
   941 :     11    718      6
   942 :      6    718     10
   943 :    435    676    672
   944 :    322    664    662
   945 :    322    662    630
   946 :    554    723    606
   947 :    120    724    119
   948 :      0    719    293
   949 :      7    719      0
   950 :    607    664    322
   951 :    121    739    399
   952 :     38    736    307
   953 :    308    736     39
   954 :    437    676    435
   955 :    462    742    467
   956 :    223    715    373
   957 :    371    715    224
   958 :    365    656    603
   959 :    606    715    371
   960 :    633    745    338
   961 :    370    655    614
   962 :    128    657    127
   963 :    465    745    633
   964 :    439    680    437
   965 :    543    659    540
   966 :    578    691    387
   967 :    359    704    617
   968 :    191    658    190
   969 :    412    672    666
   970 :    323    663    607
   971 :    439    684    680
   972 :    478    711    632
   973 :    632    711    622
   974 :    599    667    323
   975 :      9    660    365
   976 :    441    684    439
   977 :    323    667    663
   978 :    387    691    682
   979 :    599    673    667
   980 :    437    680    676
   981 :    415    664    663
   982 :    324    673    599
   983 :    415    663    416
   984 :    297    661    289
   985 :    408    662    410
   986 :    128    677    657
   987 :    443    689    441
   988 :    410    664    415
   989 :    662    664    410
   990 :    578    697    691
   991 :    288    679    287
   992 :    529    671    527
   993 :    655    670    614
   994 :    665    666    325
   995 :    630    665    325
   996 :    183    732    182
   997 :    443    693    689
   998 :    416    667    418
   999 :    181    668    401
  1000 :    661    681    425
  1001 :    663    667    416
  1002 :    396    712    644
  1003 :    325    666    629
  1004 :    232    669    231
  1005 :    441    689    684
  1006 :    667    673    418
  1007 :    389    697    578
  1008 :    614    670    372
  1009 :    445    693    443
  1010 :    548    678    544
  1011 :    418    673    420
  1012 :    321    687    652
  1013 :    422    674    425
  1014 :    114    675    113
  1015 :    629    672    327
  1016 :    672    676    327
  1017 :    297    683    681
  1018 :    666    672    629
  1019 :    129    677    128
  1020 :    602    683    297
  1021 :    649    731    339
  1022 :    579    702    389
  1023 :    447    696    445
  1024 :    327    676    628
  1025 :    670    682    372
  1026 :    602    685    683
  1027 :    644    712    397
  1028 :    339    685    602
  1029 :    445    696    693
  1030 :    447    700    696
  1031 :    389    702    697
  1032 :    424    681    427
  1033 :    399    739    668
  1034 :    628    680    328
  1035 :    129    690    677
  1036 :    676    680    628
  1037 :    681    683    427
  1038 :    680    684    328
  1039 :    408    665    662
  1040 :    662    665    630
  1041 :    449    700    447
  1042 :    579    709    702
  1043 :    372    682    613
  1044 :    427    683    429
  1045 :    683    685    429
  1046 :    328    684    627
  1047 :    429    685    431
  1048 :    189    686    188
  1049 :    530    687    532
  1050 :    391    709    579
  1051 :    324    679    674
  1052 :    230    688    229
  1053 :    451    703    449
  1054 :    433    718     11
  1055 :    130    690    129
  1056 :    580    720    391
  1057 :    449    703    700
  1058 :    627    689    330
  1059 :    684    689    627
  1060 :    682    691    613
  1061 :    451    710    703
  1062 :    550    692    547
  1063 :    689    693    330
  1064 :    613    691    375
  1065 :    391    720    709
  1066 :    652    687    530
  1067 :    453    710    451
  1068 :    130    698    690
  1069 :    116    694    115
  1070 :    330    693    626
  1071 :    580    729    720
  1072 :    691    697    375
  1073 :    393    729    580
  1074 :    116    699    694
  1075 :    455    717    453
  1076 :    228    695    227
  1077 :    693    696    626
  1078 :    582    735    393
  1079 :    453    717    710
  1080 :    626    696    331
  1081 :    131    698    130
  1082 :    297    681    661
  1083 :    375    697    612
  1084 :    455    725    717
  1085 :    696    700    331
  1086 :    478    726    476
  1087 :    117    699    116
  1088 :    393    735    729
  1089 :    131    706    698
  1090 :    587    701    551
  1091 :    457    725    455
  1092 :    632    726    478
  1093 :    331    700    625
  1094 :    555    708    588
  1095 :     10    718    660
  1096 :    697    702    612
  1097 :    674    679    425
  1098 :    612    702    378
  1099 :    464    740    466
  1100 :    459    734    457
  1101 :    226    705    225
  1102 :    132    706    131
  1103 :    467    740    464
  1104 :    700    703    625
  1105 :    625    703    332
  1106 :    457    734    725
  1107 :    702    709    378
  1108 :    186    707    185
  1109 :    703    710    332
  1110 :    293    719    649
  1111 :    132    714    706
  1112 :    563    741    557
  1113 :    378    709    611
  1114 :    332    710    624
  1115 :    622    711    342
  1116 :    711    713    342
  1117 :    119    712    118
  1118 :    617    704    639
  1119 :    342    713    621
  1120 :    133    714    132
  1121 :    224    715    223
  1122 :    603    719      7
  1123 :    556    723    554
  1124 :    133    728    714
  1125 :    621    716    344
  1126 :    475    722    308
  1127 :    710    717    624
  1128 :    624    717    334
  1129 :    709    720    611
  1130 :    716    721    344
  1131 :    611    720    380
  1132 :    713    716    621
  1133 :    717    725    334
  1134 :      3    744      4
  1135 :    556    730    723
  1136 :    720    729    380
  1137 :    399    724    120
  1138 :    344    721    620
  1139 :    397    732    183
  1140 :    134    728    133
  1141 :    334    725    623
  1142 :    668    739    401
  1143 :    557    730    556
  1144 :    134    737    728
  1145 :    620    727    345
  1146 :    727    733    345
  1147 :    380    729    610
  1148 :      4    744    737
  1149 :    721    727    620
  1150 :    637    743    359
  1151 :     39    736     38
  1152 :    345    733    619
  1153 :      4    737    134
  1154 :    122    739    121
  1155 :    623    734    335
  1156 :    532    743    531
  1157 :    610    735    382
  1158 :    460    742    462
  1159 :    725    734    623
  1160 :    619    738    347
  1161 :    729    735    610
  1162 :    733    738    619
  1163 :    649    719    603
  1164 :    338    745    632
  1165 :    531    743    637
  1166 :    660    718    433
  1167 :    431    731    656
  1168 :    557    741    730
  1169 :    339    731    685
  1170 :    466    740    722
  1171 :    685    731    431
  1172 :    724    732    397
  1173 :    399    732    724
  1174 :    722    740    308
  1175 :      2    151    150
  1176 :    141    160    140
  1177 :    160    161    140
  1178 :    142    159    141
  1179 :    159    160    141
  1180 :    143    158    142
  1181 :    158    159    142
  1182 :    144    157    143
  1183 :    157    158    143
  1184 :    145    156    144
  1185 :    156    157    144
  1186 :    146    155    145
  1187 :    155    156    145
  1188 :    147    154    146
  1189 :    154    155    146
  1190 :    148    153    147
  1191 :    153    154    147
  1192 :    149    152    148
  1193 :    152    153    148
  1194 :    150    151    149
  1195 :    151    152    149
Number of domains 7
  Domain :      0 
  Name : Bottom
  Number of elements :      5
     0     1     2     3     4
  Domain :      1 
  Name : HandleRight
  Number of elements :     10
     5     6     7     8     9    10    11    12    13    14
  Domain :      2 
  Name : Entity 2 
  Number of elements :    116
    15    16    17    18    19    20    21    22    23    24
    25    26    27    28    29    30    31    32    33    34
    35    36    37    38    39    40    41    42    43    44
    45    46    47    48    49    50    51    52    53    54
    55    56    57    58    59    60    61    62    63    64
    65    66    67    68    69    70    71    72    73    74
    75    76    77    78    79    80    81    82    83    84
    85    86    87    88    89    90    91    92    93    94
    95    96    97    98    99   100   101   102   103   104
   105   106   107   108   109   110   111   112   113   114
   115   116   117   118   119   120   121   122   123   124
   125   126   127   128   129   130
  Domain :      3 
  Name : AttachPoint
  Number of elements :      1
   131
  Domain :      4 
  Name : Entity 4 
  Number of elements :     17
   132   133   134   135   136   137   138   139   140   141
   142   143   144   145   146   147   148
  Domain :      5 
  Name : Entity 5 
  Number of elements :    135
   149   150   151   152   153   154   155   156   157   158
   159   160   161   162   163   164   165   166   167   168
   169   170   171   172   173   174   175   176   177   178
   179   180   181   182   183   184   185   186   187   188
   189   190   191   192   193   194   195   196   197   198
   199   200   201   202   203   204   205   206   207   208
   209   210   211   212   213   214   215   216   217   218
   219   220   221   222   223   224   225   226   227   228
   229   230   231   232   233   234   235   236   237   238
   239   240   241   242   243   244   245   246   247   248
   249   250   251   252   253   254   255   256   257   258
   259   260   261   262   263   264   265   266   267   268
   269   270   271   272   273   274   275   276   277   278
   279   280   281   282   283
  Domain :      6 
  Name : HandleLeft
  Number of elements :     10
   284   285   286   287   288   289   290   291   292   293
